03026500
03592718
04015330
12041200
04122500
01518862
06847900
08175000
06889500
05507600
02074500
02065500
07066000
03460000
11151300
01123000
07261000
06332515
01591400
14306340
08378500
05584500
02108000
08066200
14137000
12114500
07315700
01350000
01632000
06440200
11148900
11468500
02415000
04027000
14138900
04221000
01440000
03604000
08380500
05488200
04115265
07340300
01170100
05592575
08150800
03010655
01195100
07335700
03170000
01169000
02297155
01466500
12390700
05591550
11478500
01669520
01543000
02177000
07208500
06601000
14182500
03237500
10343500
11523200
01510000
13235000
14185000
08086212
12035000
03456500
03241500
02381600
10244950
11475560
14309500
01552000
13313000
01568000
02395120
08158700
11451100
10234500
01333000
06479215
08050800
08269000
01484100
02053800
01666500
11522500
07083000
06352000
02479155
09223000
07346045
02245500
12082500
09047700
01434025
02479560
02014000
07291000
05413500
09210500
03504000
01144000
12020000
02216180
14138800
06917000
01580000
03011800
11481200
01415000
07315200
01638480
01047000
09430600
06921070
04063700
02081500
13023000
06878000
06431500
02077200
12073500
02064000
12013500
