02092500
02472500
02216180
01487000
02215100
02481510
02297310
02297155
02363000
02246000
07375000
02479560
02298123
08189500
08070200
01466500
02361000
07346045
01669000
08050800
08066200
07301410
02369800
01669520
02481000
02070000
01510000
01078000
02395120
03028000
01539000
01552500
02053800
01333000
02149000
03498500
03463300
01054200
04063700
03144000
03182500
01350080
03500000
04015330
02427250
04213075
02111180
03049800
03439000
01644000
09494000
08164300
09513780
09484600
08086212
06352000
06339100
06440200
11148900
08190000
08190500
11451100
11151300
08171300
08198500
09497980
08165300
13161500
09306242
08082700
07315200
11124500
06332515
06406000
08158700
07208500
08267500
08378500
09223000
06622700
12381400
12375900
06746095
10336645
09065500
13018300
13331500
12447390
09312600
09378170
06623800
11266500
06614800
13313000
09066300
06289000
06224000
13235000
06221400
08269000
03364500
04185000
05413500
06918460
03291780
03366500
06885500
07066000
05488200
06888500
03140000
01639500
05592050
05487980
02055100
07195800
05507600
04196800
05593900
03368000
06892000
03241500
06409000
03338780
07167500
12013500
14308990
14138800
11482500
14138900
14166500
11528700
14182500
14236200
12020000
14020000
14306500
14185900
12114500
12167000
12092000
12041200
12175500
12117000
14137000
11478500
12040500
12025700
12010000
12189500
