02108000
12447390
08104900
06814000
07315700
09066300
06477500
01411300
14138800
07197000
01187300
06911900
03028000
12020000
11528700
11266500
01350140
01365000
02430085
08380500
02015700
06278300
06888500
06879650
06614800
07261000
05507600
14138870
02300700
06917000
11468500
04224775
08086212
11475560
01440400
02215100
08165300
06479215
01047000
06889200
14166500
03015500
06352000
12175500
06224000
02014000
11141280
03144000
05503800
04074950
03364500
03050000
10244950
01548500
02027000
02298123
08198500
01669000
02479155
05444000
04040500
12145500
08101000
01451800
