02198100
08070200
02361000
01491000
02300700
02296500
02350900
02374500
08066300
02092500
02369800
02363000
02108000
02298608
02053200
02371500
01487000
02202600
02481000
04115265
01411300
01466500
01669520
08066200
02215100
08176900
02216180
02472500
01484100
02298123
04122500
02479300
02246000
02481510
08070000
08050800
02299950
02231000
04057510
01669000
02297155
02372250
07142300
02479560
02245500
07346045
02479155
07301410
08164600
04105700
08109700
02349900
02102908
08189500
04127997
02297310
07375000
04122200
