08196000
13161500
08082700
11381500
08380500
08200000
09430600
09404450
09510200
08086212
06404000
08190500
08101000
10259000
06447500
08164300
06344600
06350000
08178880
08202700
11176400
09306242
08158810
06406000
11148900
11284400
06440200
09484600
09508300
09497980
06352000
09505800
11451100
08195000
10244950
06332515
06339100
08198500
11141280
11124500
08175000
09505350
11143000
08190000
08104900
08165300
09447800
08086290
07315200
08194200
08158700
11473900
08103900
07299670
11151300
08150800
08171300
09494000
09513780
09386900
09512280
