12390700
12040500
12010000
11481200
14139800
14400000
11468500
11480390
12145500
12115000
11475560
12114500
12144000
11476600
14306340
14236200
12178100
12143600
14185000
12013500
14158790
12025700
14362250
12411000
14306500
14303200
14020000
12020000
12147500
12117000
14222500
14166500
12167000
14316700
11532500
14187000
12048000
12175500
14154500
12056500
14301000
14138870
12035000
14137000
11528700
12186000
12041200
14185900
14141500
11478500
14138900
12082500
14216500
12189500
12488500
11522500
14308990
12054000
11482500
14138800
14305500
12092000
14325000
12073500
14182500
14309500
