01580000
06921200
05454000
05593900
06917000
04185000
03338780
06888500
03241500
05458000
05495000
05595730
07184000
05507600
06847900
07315700
07066000
03368000
07197000
05592050
07180500
06853800
07145700
05525500
06878000
02055100
05414000
06911900
05503800
06876700
05592575
06918460
07057500
06477500
03291780
06470800
07167500
05591550
06892000
03346000
06906800
06803510
05593575
05120500
03366500
05413500
05057200
06889200
03285000
03340800
06903400
05399500
06803530
07195800
05291000
06919500
01639500
05444000
04197100
05489000
03237500
04196800
06479215
05501000
03364500
05488200
06601000
06409000
04197170
03140000
05487980
06879650
06814000
05556500
06889500
05584500
01586610
05466500
06921070
01591400
05495500
06910800
06431500
05508805
06885500
