03186500
02118500
01667500
04213000
01022500
03498500
03026500
01052500
03455500
01552000
02464000
07340300
01413500
01031500
02028500
02046000
02196000
02450250
01162500
02053800
03237280
03479000
01440400
04221000
01510000
07359610
02137727
04216418
02381600
03070500
02081500
02015700
03173000
02152100
07362100
03500000
01439500
03050000
01139000
07291000
01047000
01516500
02427250
02143000
04040500
01451800
03076600
01134500
02069700
04043050
04256000
02096846
01415000
02077200
02469800
03049800
01195100
02056900
01414500
04027000
02395120
05393500
01583500
08014500
01365000
07196900
01170100
01634500
01664000
01123000
02221525
03011800
02430085
03574500
01550000
03439000
02027000
01181000
03078000
03021350
04045500
03488000
03144000
01187300
01543000
01606500
02143040
01350140
02051500
03471500
01333000
01549500
01632000
02472000
08023080
04024430
01350000
02111500
02011400
01518862
07263295
02111180
03604000
01542810
01548500
07261000
03170000
08013000
01434025
03182500
01057000
01568000
03280700
01557500
01539000
02070000
02465493
02013000
07060710
04057800
01596500
01544500
03010655
02140991
01137500
01423000
01644000
03456500
02018000
02027500
01545600
01547700
03504000
03463300
02128000
04015330
01543500
02064000
02082950
02065500
01440000
03028000
01054200
01532000
01638480
02014000
03473000
03180500
01169000
02384540
01055000
04296000
03460000
07335700
04074950
01567500
03384450
01144000
01078000
02038850
02212600
01435000
01350080
07362587
03049000
04063700
01552500
02074500
03069500
03592718
02149000
02177000
01594950
01666500
05362000
01073000
05408000
04224775
02415000
01139800
02059500
01605500
04213075
03015500
02193340
04059500
01142500
03281500
01632900
02016000
02178400
02017500
